00335
00336
00338
00339
00341
00376
00377
00381
00382
00384
00414
00415
00416
00421
00426
00430
00431
00433
00435
00583
00584
00585
00586
00592
00593
00594
00597
00599
00600
00603
00623
00624
00625
00626
00627
00628
00629
00631
00632
00633
00634
00639
00663
00664
00666
00668
00689
00690
00692
00694
00832
00834
00835
00836
00839
00842
00846
00847
00849
00851
00853
00854
00855
00856
00858
00868
00869
00871
00872
00874
00890
00891
00892
00894
00898
00899
00900
00901
00904
00943
00944
00946
00947
00949
00951
00961
00962
00963
00964
00965
00967
00973
01011
01012
01018
01024
01064
01065
01066
01068
01073
01074
01076
01079
01100
01101
01103
01107
01118
01120
01122
01127
01157
01158
01159
01160
01162
01206
01207
01208
01209
01214
01217
01226
01227
01229
01231
01244
01245
01252
01264
01265
01266
01268
01318
01319
01320
01321
01323
01327
01373
01374
01376
01377
01381
01383
01384
01385
01386
01387
01388
01391
01398
01418
01419
01420
01421
01422
01428
01433
01434
01435
01436
01438
01442
01460
01461
01462
01463
01464
01466
01471
01473
01474
01477
01479
01485
01486
01487
01489
01490
01495
01505
01506
01507
01515
01552
01553
01554
01556
01557
01558
01560
01561
01564
01575
01576
01577
01579
01582
01583
01584
01585
01586
01587
01598
01599
01602
01605
01610
01612
01615
01621
01622
01624
01626
01627
01642
01643
01646
01652
01653
01724
01726
01727
01729
01730
01734
01801
01802
01804
01808
01831
01832
01836
01839
01874
01875
01876
01878
01880
01922
01923
01924
01926
01927
01955
01956
01957
01960
01962
01965
01986
01987
01988
01991
01992
02003
02008
02009
02010
02012
02014
02045
02046
02048
02049
02052
02091
02092
02093
02095
02103
02104
02105
02106
02108
02109
02110
02112
02124
02125
02126
02128
02129
02130
02131
02145
02149
02151
02159
02160
02161
02162
02163
02165
02166
02168
02174
02175
02177
02178
02181
02228
02229
02230
02231
02233
02238
02269
02273
02276
02285
02349
02350
02351
02353
02356
02429
02430
02431
02434
02435
02474
02475
02476
02477
02478
02480
02483
02485
02487
02490
02492
02518
02519
02521
02525
02540
02541
02542
02544
02545
02548
02558
02559
02560
02561
02563
02565
02566
02567
02568
02569
02572
02583
02584
02585
02586
02587
02589
02592
02609
02610
02611
02614
02616
02619
02620
02622
02625
02643
02644
02645
02653
02697
02698
02699
02701
02706
02710
02711
02712
02713
02715
02718
02826
02828
02833
02851
02852
02854
02856
02864
02865
02867
02870
02872
02873
02874
02875
02877
02880
02910
02911
02912
02913
02915
02951
02952
02953
02954
02956
02961
02969
02970
02971
02973
02975
02999
03000
03001
03002
03003
03005
03008
03055
03056
03057
03058
03059
03060
03061
03062
03063
03068
03069
03070
03073
03074
03090
03092
03093
03096
03101
03102
03103
03105
03108
03118
03119
03120
03121
03122
03124
03125
03131
03154
03155
03156
03158
03161
03201
03202
03204
03205
03207
03234
03235
03237
03238
03240
03246
03267
03268
03270
03272
03273
03274
03277
03278
03282
03315
03316
03318
03337
03338
03339
03342
03344
03361
03362
03364
03368
03376
03377
03378
03382
03389
03417
03418
03419
03420
03425
03430
03435
03436
03437
03438
03439
03441
03445
03448
03449
03450
03451
03454
03457
03478
03479
03480
03481
03484
03486
03490
03491
03493
03515
03516
03517
03519
03522
03562
03563
03564
03565
03568
03571
03595
03597
03598
03603
03605
03607
03634
03635
03638
03642
03756
03757
03758
03761
03763
03765
03766
03768
03769
03771
03799
03800
03802
03805
03999
04000
04002
04003
04007
04011
04012
04013
04015
04017
04040
04041
04042
04044
04045
04048
04050
04051
04053
04055
04062
04063
04064
04072
04073
04076
04099
04101
04102
04104
04106
04115
04116
04118
04119
04120
04123
04129
04130
04132
04134
04136
04137
04139
04141
04155
04156
04157
04159
04163
04164
04168
04169
04170
04171
04173
04176
04184
04186
04187
04188
04189
04190
04193
04198
04200
04201
04202
04203
04218
04219
04221
04223
04226
04227
04228
04230
04232
04289
04290
04291
04292
04294
04296
04301
04302
04304
04307
04324
04325
04326
04330
04332
04343
04344
04345
04347
04348
04352
04355
04356
04358
04361
04364
04369
04372
04375
04376
04378
04380
04388
04389
04393
04397
04424
04425
04426
04427
04429
04430
04434
04437
04438
04439
04440
04441
04443
04446
04505
04506
04507
04508
04509
04511
04514
04531
04532
04533
04537
04580
04581
04582
04590
04592
04593
04600
04601
04604
04616
04617
04618
04619
04620
04624
04631
04679
04680
04681
04682
04684
04687
04708
04709
04712
04713
04715
04717
04718
04723
04768
04769
04770
04772
04775
04795
04796
04797
04798
04799
04801
04802
04803
04806
04819
04821
04823
04824
04826
04831
04849
04850
04851
04852
04854
04858
04864
04867
04868
04869
04870
04872
04873
04875
04896
04897
04898
04899
04900
04903
04906
04971
04972
04974
05017
05018
05019
05020
05025
05062
05063
05064
05065
05066
05067
05069
05074
05086
05087
05088
05089
05090
05095
05097
05098
05102
05103
05107
05108
05109
05110
05113
05114
05118
05171
05172
05175
05178
05194
05195
05196
05198
05204
05216
05217
05219
05229
05230
05231
05232
05233
05234
05238
05239
05243
05275
05276
05277
05278
05280
05285
05297
05298
05299
05300
05303
05310
05358
05362
05368
05369
05372
05374
05467
05468
05470
05471
05472
05473
05476
05479
05484
05486
05487
05489
05498
05556
05557
05558
05559
05560
05562
05565
05596
05598
05599
05600
05601
05605
05606
05609
05616
05617
05619
05622
05629
05630
05631
05632
05633
05634
05636
05637
05638
05644
05652
05653
05654
05656
05661
05680
05681
05682
05685
05688
05705
05706
05707
05708
05709
05712
05715
05727
05728
05729
05730
05731
05732
05733
05734
05739
05740
05741
05742
05743
05749
05750
05759
05762
05763
05767
05778
05779
05780
05781
05782
05783
05784
05792
05793
05794
05796
05798
05803
05804
05808
05816
05844
05845
05846
05847
05848
05849
05851
05853
05854
05855
05856
05858
05873
05874
05875
05877
05878
05881
05911
05912
05913
05915
05917
05920
05923
05924
05925
05926
05928
05931
05960
05961
05962
05964
05965
05967
05987
05988
05989
05992
05998
05999
06001
06002
06007
06021
06022
06023
06025
06029
06045
06046
06047
06049
06052
06066
06067
06069
06075
06081
06082
06083
06085
06087
06120
06122
06124
06137
06138
06140
06146
06159
06160
06161
06163
06165
06192
06193
06194
06199
06200
06202
06214
06215
06216
06218
06299
06300
06302
06313
06314
06315
06317
06319
06330
06331
06332
06333
06334
06335
06337
06343
06359
06360
06363
06365
06371
06372
06373
06375
06379
06409
06410
06411
06414
06419
06428
06429
06430
06431
06432
06435
06436
06439
06471
06472
06473
06474
06476
06477
06478
06486
06528
06529
06532
06533
06536
06551
06552
06553
06554
06555
06558
06559
06563
06613
06614
06615
06618
06620
06625
06626
06628
06629
06631
06649
06650
06651
06652
06654
06655
06658
06733
06734
06736
06738
06787
06788
06789
06792
06794
06832
06833
06834
06835
06839
06845
06922
06923
06925
06928
06930
06931
06932
06933
06935
06937
06948
06949
06951
06954
06968
06969
06972
06976
07033
07036
07038
07068
07069
07070
07074
07099
07113
07118
07121
07127
07128
07130
07131
07163
07173
07191
07192
07196
07197
07198
07203
07227
07228
07230
07231
07234
07237
07238
07239
07243
07245
07247
07260
07261
07262
07264
07265
07266
07269
07271
07272
07274
07277
07286
07287
07288
07290
07292
07297
07298
07299
07300
07301
07303
07304
07309
07371
07372
07373
07375
07382
07388
07389
07390
07391
07392
07393
07394
07397
07398
07399
07400
07417
07418
07420
07421
07424
07430
07431
07433
07435
07440
07441
07443
07445
07451
07452
07453
07454
07455
07458
07462
07470
07471
07472
07473
07475
07479
07492
07493
07495
07498
07499
07500
07502
07506
07509
07510
07515
07527
07528
07530
07532
07575
07576
07578
07580
07595
07596
07597
07598
07600
07601
07604
07612
07613
07618
07624
07625
07626
07628
07630
07632
07634
07637
07642
07676
07677
07678
07680
07682
07699
07702
07703
07706
07716
07718
07721
07751
07753
07757
07765
07766
07767
07769
07772
07779
07780
07781
07782
07787
07791
07806
07807
07808
07810
07811
07815
07861
07862
07864
07866
07872
07873
07875
07879
07886
07932
07933
07934
07935
07936
07937
07938
07940
07943
07960
07961
07962
07963
07966
07973
08000
08001
08005
08006
08012
08087
08088
08089
08093
08095
08107
08111
08114
08119
08120
08121
08123
08127
08130
08131
08132
08134
08135
08166
08167
08168
08170
08174
08179
08180
08182
08183
08185
08187
08302
08303
08305
08308
08338
08339
08340
08341
08343
08345
08346
08347
08349
08352
08355
08368
08369
08370
08372
08373
08379
08411
08412
08417
08420
08424
08425
08426
08429
08431
08437
08442
08443
08445
08447
08448
08449
08450
08452
08455
08468
08470
08472
08474
08482
08483
08484
08485
08486
08488
08492
08510
08512
08514
08515
08517
08533
08535
08536
08538
08543
08544
08545
08546
08547
08587
08588
08589
08590
08592
08593
08595
08612
08613
08614
08618
08621
08624
08625
08626
08627
08628
08631
08633
08635
08636
08637
08639
08641
08643
08644
08645
08647
08649
08670
08671
08672
08673
08674
08676
08677
08680
08689
08690
08691
08692
08694
08701
08702
08706
08707
08713
08745
08746
08747
08748
08749
08752
08755
08772
08773
08774
08780
08783
08784
08786
08791
08817
08818
08819
08820
08823
08824
08825
08827
08830
08841
08842
08843
08844
08846
08849
08859
08860
08861
08862
08863
08865
08866
08868
08889
08890
08891
08893
08894
08898
08899
08900
08902
08905
08915
08916
08917
08918
08919
08920
08921
08924
08925
08929
08935
08936
08937
08938
08942
08944
08955
08967
08968
08970
08972
08974
08979
08980
08983
08985
09078
09081
09085
09087
09088
09091
09092
09093
09095
09126
09127
09128
09130
09131
09137
09138
09151
09153
09155
09179
09180
09181
09182
09185
09186
09188
09197
09198
09199
09200
09209
09210
09214
09216
09220
09234
09235
09237
09238
09244
09249
09259
09260
09261
09262
09264
09305
09306
09307
09308
09309
09310
09311
09319
09320
09321
09326
09328
09457
09458
09459
09461
09467
09468
09473
09488
09489
09490
09493
09495
09501
09502
09503
09507
09518
09519
09521
09523
09525
09526
09528
09532
09533
09538
09572
09573
09574
09576
09580
09625
09626
09627
09628
09631
09633
09634
09636
09637
09640
09712
09713
09715
09716
09717
09721
09722
09723
09725
09726
09732
09735
09736
09737
09740
09742
09774
09775
09776
09777
09781
09786
09806
09807
09808
09810
09812
09835
09836
09837
09838
09840
09842
09848
09849
09850
09851
09854
09869
09892
09893
09894
09896
09900
09915
09916
09917
09918
09919
09920
09921
09922
09924
09926
09934
09935
09936
09943
09949
09950
09953
09954
09955
09956
09957
09960
09963
09966
09967
09970
10005
10007
10008
10013
10015
10016
10017
10019
10021
10023
10089
10090
10091
10093
10096
10102
10104
10105
10106
10107
10109
10111
10112
10135
10136
10137
10138
10141
10144
10147
10148
10149
10151
10157
10158
10159
10166
10183
10184
10185
10186
10187
10188
10190
10192
10197
10199
10250
10251
10252
10266
10267
10268
10269
10271
10275
10296
10297
10298
10300
10301
10308
10309
10310
10311
10313
10315
10337
10339
10340
10343
10389
10391
10393
10397
10400
10405
10412
10443
10444
10445
10446
10447
10449
10450
10453
10461
10462
10464
10466
10467
10474
10516
10517
10520
10526
10579
10580
10581
10583
10587
10589
10590
10591
10592
10594
10595
10596
10598
10599
10600
10601
10602
10605
10607
10609
10611
10612
10614
10625
10631
10632
10634
10635
10636
10637
10641
10645
10646
10647
10648
10652
10656
10679
10680
10682
10684
10686
10687
10688
10689
10692
10693
10703
10704
10705
10708
10709
10711
10715
10769
10770
10771
10772
10774
10777
10786
10787
10789
10792
10813
10814
10817
10820
10892
10893
10894
10895
10898
10904
10967
10968
10969
10970
10972
10973
10976
11007
11008
11009
11011
11015
11034
11035
11036
11037
11040
11042
11061
11062
11064
11067
11088
11089
11091
11093
11094
11096
11103
11104
11105
11113
11143
11144
11145
11148
11155
11198
11199
11200
11203
11214
11252
11253
11254
11260
11261
11262
11267
11268
11284
11285
11286
11287
11293
11309
11310
11311
11313
11330
11357
11358
11359
11360
11361
11362
11364
11365
11379
11380
11382
11384
11408
11409
11413
11414
11416
11418
11419
11420
11422
11424
11436
11437
11438
11439
11441
11444
11470
11471
11473
11476
11498
11499
11500
11501
11503
11504
11527
11528
11529
11534
11558
11559
11560
11561
11563
11566
11621
11622
11623
11624
11625
11627
11628
11633
11634
11635
11638
11686
11687
11689
11693
11708
11709
11710
11711
11713
11718
11767
11768
11769
11770
11772
11773
11780
11819
11820
11821
11823
11824
11828
11862
11863
11864
11865
11866
11867
11872
11876
11877
11878
11882
11884
11903
11904
11905
11906
11908
11911
11930
11931
11933
11935
11942
11943
11944
11948
11952
11971
11972
11973
11978
11994
11995
11997
12000
12005
12006
12008
12010
12013
12014
12016
12020
12023
12024
12025
12027
12028
12060
12062
12063
12064
12066
12069
12072
12073
12074
12076
12079
12100
12101
12104
12109
12113
12114
12115
12116
12118
12122
12158
12159
12161
12164
12190
12191
12192
12193
12195
12198
12210
12211
12212
12217
12221
12223
12225
12226
12228
12231
12291
12292
12293
12294
12296
12300
12311
12312
12313
12314
12315
12316
12317
12318
12319
12320
12326
12327
12328
12338
12391
12392
12394
12402
12403
12408
12415
12416
12418
12421
12584
12586
12587
12588
12590
12593
12602
12603
12604
12605
12606
12609
12612
12613
12614
12619
12636
12637
12638
12641
12649
12650
12651
12652
12654
12656
12675
12676
12678
12680
12696
12700
12702
12704
12755
12758
12759
12761
12809
12810
12811
12812
12814
12815
12819
12820
12823
12824
12826
12855
12860
12863
12871
12872
12873
12874
12876
12877
12879
12942
12943
12945
12947
12968
12969
12970
12971
12973
12977
12987
12990
12994
13017
13018
13019
13020
13023
13024
13026
13042
13043
13044
13046
13049
13087
13091
13093
13094
13095
13106
13109
13111
13114
13134
13135
13136
13137
13138
13143
13144
13148
13155
13156
13157
13158
13160
13161
13167
13168
13172
13173
13174
13175
13177
13179
13182
13196
13197
13198
13199
13200
13201
13202
13203
13208
13209
13213
13216
13217
13223
13224
13228
13244
13245
13246
13247
13249
13250
13251
13253
13267
13268
13269
13273
13275
13278
13279
13312
13313
13316
13320
13323
13325
13326
13327
13328
13329
13333
13334
13337
13350
13351
13352
13354
13355
13356
13358
13359
13414
13415
13416
13417
13420
13424
13456
13457
13458
13460
13464
13468
13469
13470
13473
13478
13499
13500
13501
13503
13508
13509
13510
13512
13530
13531
13532
13534
13536
13543
13544
13545
13546
13549
13550
13554
13555
13618
13619
13621
13623
13630
13631
13632
13633
13634
13635
13636
13640
13641
13642
13646
13647
13648
13656
13657
13659
13664
13695
13696
13697
13698
13699
13702
13703
13710
13732
13733
13734
13735
13737
13740
13744
13745
13746
13748
13749
13751
13799
13800
13803
13804
13805
13806
13812
13813
13819
13820
13822
13824
13854
13855
13858
13859
13863
13877
13878
13880
13881
14011
14013
14015
14047
14048
14049
14051
14057
14102
14103
14105
14107
14126
14128
14129
14131
14157
14158
14162
14174
14175
14176
14177
14180
14182
14183
14188
14190
14202
14203
14204
14254
14261
14267
14287
14288
14289
14291
14292
14298
14312
14313
14314
14316
14319
14366
14367
14368
14370
14373
14375
14376
14378
14379
14380
14385
14393
14396
14432
14433
14437
14438
14451
14452
14453
14454
14457
14458
14461
14466
14467
14477
14478
14479
14481
14482
14485
14565
14566
14567
14568
14569
14572
14577
14578
14580
14584
14602
14604
14606
14608
14622
14623
14624
14625
14627
14633
14635
14636
14638
14645
14646
14647
14648
14650
14652
14653
14656
14657
14671
14672
14673
14674
14675
14676
14680
14681
14685
14728
14729
14734
14741
14749
14750
14751
14752
14753
14755
14756
14757
14760
14773
14774
14777
14778
14792
14793
14794
14795
14796
14799
14803
14835
14836
14837
14839
14845
14882
14883
14884
14885
14886
14887
14888
14893
14894
14903
14952
14953
14954
14955
14957
14961
14964
14966
14968
14978
14979
14981
14984
15018
15019
15020
15022
15025
15032
15033
15034
15035
15037
15038
15043
15093
15094
15095
15096
15099
15100
15101
15103
15110
15111
15112
15116
15120
15139
15140
15141
15142
15145
15146
15157
15158
15159
15160
15162
15163
15166
15171
15172
15173
15176
15177
15180
15185
15187
15196
15199
15213
15214
15215
15217
15219
15293
15294
15296
15297
15302
15319
15320
15321
15322
15323
15325
15326
15327
15328
15330
15332
15361
15362
15363
15364
15365
15366
15369
15370
15374
15401
15402
15405
15406
15422
15423
15424
15425
15426
15428
15430
15448
15449
15450
15453
15474
15475
15476
15477
15479
15481
15528
15529
15530
15531
15533
15534
15537
15547
15548
15549
15551
15557
15558
15559
15561
15564
15577
15578
15584
15601
15602
15603
15606
15607
15610
15631
15632
15633
15635
15638
15648
15649
15650
15652
15695
15701
15702
15704
15706
15707
15708
15709
15711
15713
15721
15723
15724
15725
15728
15732
15750
15751
15753
15755
15772
15773
15774
15775
15776
15781
15808
15809
15810
15811
15813
15815
15817
15826
15827
15828
15829
15831
15835
15844
15845
15849
15850
15876
15878
15880
15899
15900
15904
15907
15933
15934
15935
15936
15938
15941
15957
15958
15996
15998
16000
16002
16004
16005
16007
16009
16061
16063
16065
16069
16073
16081
16082
16083
16085
16087
16097
16098
16099
16100
16102
16104
16110
16114
16117
16124
16125
16126
16127
16131
16134
16161
16164
16168
16191
16192
16193
16194
16195
16198
16203
16212
16213
16216
16220
16231
16233
16235
16238
16241
16268
16269
16270
16272
16274
16314
16315
16316
16317
16319
16322
16323
16324
16325
16327
16328
16330
16333
16334
16335
16336
16337
16342
16351
16352
16354
16355
16358
16383
16384
16386
16394
16396
16397
16398
16400
16404
16405
16406
16407
16409
16411
16412
16428
16429
16430
16431
16436
16438
16439
16440
16441
16443
16444
16450
16502
16503
16504
16506
16511
16525
16526
16527
16528
16530
16531
16541
16542
16544
16546
16560
16561
16562
16563
16564
16567
16569
16585
16586
16587
16591
16592
16593
16598
16635
16636
16639
16640
16641
16642
16643
16644
16646
16703
16704
16707
16709
16804
16805
16806
16808
16809
16811
16872
16873
16877
16878
16880
16890
16891
16892
16893
16894
16895
16897
16899
16925
16926
16927
16930
16936
16950
16951
16955
16958
16963
16965
16966
16968
16972
16976
16982
16984
16986
17013
17014
17015
17016
17017
17019
17020
17026
17036
17037
17038
17039
17041
17042
17083
17084
17085
17086
17087
17090
17091
17097
17124
17125
17126
17127
17128
17132
17133
17135
17144
17145
17146
17149
17153
17157
17158
17159
17160
17166
17206
17209
17212
17214
17298
17300
17301
17302
17306
17324
17325
17326
17327
17330
17336
17352
17353
17354
17355
17356
17359
17361
17362
17364
17365
17377
17378
17379
17381
17384
17390
17391
17394
17395
17400
17428
17429
17430
17431
17433
17436
17456
17457
17458
17460
17512
17514
17521
17529
17530
17532
17557
17559
17560
17562
17564
17581
17582
17583
17585
17586
17589
17594
17595
17596
17600
17607
17627
17628
17633
17636
17654
17655
17656
17657
17659
17660
17665
17709
17710
17711
17712
17713
17720
17721
17722
17723
17724
17733
17734
17758
17761
17762
17766
17768
17773
17820
17821
17822
17823
17824
17827
17828
17832
17877
17878
17883
17889
17896
17897
17900
17910
17911
17912
17914
17915
17918
17930
17931
17932
17933
17935
17936
17939
17948
17949
17951
17955
17959
17960
17961
17964
17965
17968
17969
17974
17975
17976
17979
17988
17992
17995
18028
18029
18030
18032
18036
18037
18038
18040
18042
18043
18058
18059
18061
18068
18069
18070
18071
18073
18091
18092
18095
18096
18109
18110
18113
18118
18138
18139
18140
18142
18144
18154
18155
18156
18158
18161
18166
18167
18168
18169
18178
18184
18195
18196
18197
18199
18204
18219
18220
18221
18225
18228
18241
18242
18243
18245
18246
18248
18254
18255
18256
18258
18272
18273
18275
18276
18279
18280
18288
18289
18290
18291
18292
18294
18298
18306
18307
18308
18311
18315
18323
18324
18325
18329
18335
18370
18371
18372
18374
18377
18413
18415
18416
18417
18419
18420
18422
18426
18427
18429
18432
18474
18476
18479
18482
18486
18487
18488
18494
18495
18498
18522
18523
18524
18526
18528
18532
18533
18535
18537
18550
18552
18554
18555
18557
18569
18570
18571
18575
18578
18644
18649
18720
18723
18724
18726
18727
18728
18729
18732
18734
18756
18757
18759
18761
18770
18771
18772
18773
18775
18779
18788
18790
18791
18796
18801
18856
18858
18861
18871
18873
18875
18879
18880
18897
18898
18899
18900
18903
18942
18944
18946
18949
18978
18979
18980
18981
18983
18986
19049
19051
19054
19057
19087
19088
19089
19090
19092
19094
19109
19110
19111
19114
19115
19119
19165
19166
19167
19169
19172
19183
19184
19185
19186
19192
19193
19194
19197
19200
19202
19203
19204
19207
19212
19213
19214
19215
19217
19219
19223
19224
19226
19229
19232
19233
19236
19239
19257
19258
19259
19260
19261
19264
19269
19297
19298
19299
19300
19303
19305
19306
19309
19312
19326
19327
19328
19330
19335
19393
19394
19395
19397
19406
19407
19408
19409
19410
19411
19412
19414
19418
19457
19458
19459
19462
19464
19504
19505
19506
19509
19512
19513
19514
19515
19517
19557
19558
19559
19560
19561
19563
19567
19614
19615
19616
19619
19622
19654
19655
19656
19657
19660
19685
19686
19687
19688
19689
19692
19695
19704
19705
19706
19707
19713
19742
19743
19746
19748
19760
19761
19762
19765
19766
19770
19813
19816
19818
19820
19842
19843
19845
19849
19852
19853
19855
19856
19857
19911
19912
19915
19930
19931
19933
19934
19935
19967
19968
19969
19970
19971
19974
19975
20008
20009
20010
20012
20014
20022
20023
20024
20027
20030
20066
20067
20068
20070
20071
20072
20074
20077
20109
20110
20111
20113
20115
20139
20141
20142
20143
20145
20146
20147
20149
20153
20154
20157
20158
20162
20198
20201
20226
20227
20229
20235
20256
20257
20260
20262
20313
20315
20318
20322
20334
20335
20336
20337
20339
20342
20363
20364
20365
20366
20367
20369
20370
20373
20378
20379
20380
20381
20383
20386
20390
20392
20393
20396
20401
20403
20404
20406
20407
20408
20411
20414
20435
20436
20437
20438
20440
20441
20445
20456
20457
20459
20510
20511
20513
20622
20623
20629
20631
20632
20633
20634
20636
20661
20662
20665
20667
20699
20700
20701
20702
20706
20711
20737
20739
20740
20741
20746
20766
20767
20768
20770
20793
20794
20795
20797
20801
20836
20837
20838
20839
20861
20862
20868
20869
20872
20922
20923
20924
20925
20928
20967
20969
20973
20978
20979
20980
20981
20982
20983
20986
20987
20992
21009
21010
21011
21013
21015
21023
21024
21026
21027
21030
21033
21069
21070
21071
21072
21073
21074
21075
21077
21078
21081
21086
21087
21089
21092
21096
21099
21100
21101
21103
21106
21168
21169
21172
21175
21182
21187
21204
21205
21207
21209
21212
21221
21231
21233
21234
21236
21237
21241
21242
21243
21252
21273
21274
21275
21276
21280
21281
21282
21283
21286
21303
21304
21309
21312
21324
21325
21327
21328
21334
21356
21358
21360
21363
21370
21371
21373
21376
21395
21397
21398
21399
21405
21408
21409
21411
21412
21413
21417
21432
21433
21434
21436
21442
21487
21488
21489
21491
21496
21524
21525
21527
21529
21551
21552
21554
21557
21563
21568
21570
21572
21694
21695
21697
21704
21706
21710
21820
21821
21822
21824
21826
21829
21830
21831
21832
21833
21835
21836
21838
21839
21841
21843
21852
21853
21854
21855
21858
21859
21863
21869
21870
21871
21872
21874
21878
21883
21890
21891
21923
21925
21928
21941
21942
21943
21944
21945
21949
21950
21951
21993
21994
21999
22003
22010
22015
22019
22085
22086
22087
22094
22095
22098
22113
22114
22115
22116
22117
22120
22121
22130
22132
22133
22134
22135
22141
22191
22192
22194
22238
22239
22240
22247
22251
22272
22273
22274
22276
22280
22357
22358
22359
22362
22409
22410
22411
22412
22413
22415
22416
22455
22456
22457
22459
22462
22481
22483
22485
22489
22492
22493
22494
22495
22499
22502
22510
22511
22512
22514
22548
22549
22550
22551
22553
22558
22610
22611
22612
22614
22615
22627
22635
22636
22640
22643
22645
22646
22694
22695
22696
22700
22702
22715
22716
22717
22718
22720
22721
22723
22743
22744
22745
22746
22748
22750
22772
22774
22780
22783
22802
22803
22804
22805
22806
22810
22818
22844
22846
22848
22911
22912
22913
22914
22917
22920
22926
22927
22928
22929
22930
22952
22953
22954
22955
22960
22967
22974
22975
22976
22978
22980
22993
22994
22996
23000
23005
23006
23009
23030
23031
23035
23038
23042
23043
23045
23046
23049
23050
23051
23055
23056
23199
23200
23202
23239
23240
23243
23246
23274
23275
23276
23277
23279
23281
23328
23330
23331
23335
23338
23407
23412
23416
23425
23427
23428
23434
23442
23443
23444
23445
23448
23451
23470
23471
23473
23474
23475
23479
23481
23482
23485
23489
23542
23543
23544
23545
23548
23568
23569
23570
23572
23574
23578
23580
23581
23582
23583
23585
23589
23627
23628
23629
23630
23632
23634
23638
23639
23640
23642
23645
23646
23647
23648
23650
23652
23664
23665
23666
23667
23668
23670
23673
23701
23702
23703
23704
23705
23709
23766
23767
23768
23769
23771
23774
23775
23776
23782
23802
23804
23805
23806
23808
23811
23840
23841
23842
23844
23847
23851
23852
23853
23857
23859
23868
23869
23870
23873
23878
23902
23907
23913
23946
23947
23948
23951
23952
23953
23956
23987
23990
23993
24014
24015
24016
24019
24022
24025
24026
24027
24029
24033
24043
24044
24046
24048
24057
24059
24063
24119
24120
24121
24122
24125
24127
24130
24131
24136
24139
24166
24167
24171
24174
24176
24194
24195
24203
24249
24250
24251
24253
24258
24259
24268
24269
24271
24274
24329
24330
24331
24332
24334
24335
24337
24343
24344
24345
24347
24349
24367
24368
24370
24372
24375
24378
24379
24381
24382
24385
24438
24439
24440
24443
24447
24498
24499
24500
24502
24503
24515
24516
24518
24519
24522
24523
24525
24527
24547
24548
24553
24555
24581
24582
24583
24584
24586
24589
24592
24594
24596
24598
24604
24605
24606
24607
24608
24609
24611
24614
24636
24638
24639
24640
24641
24648
24649
24651
24660
24680
24681
24682
24685
24687
24720
24721
24722
24724
24725
24726
24728
24732
24734
24735
24736
24741
24746
24822
24824
24868
24869
24870
24872
24875
24881
24888
24889
24890
24892
24895
24914
24915
24916
24917
24919
24922
24940
24941
24943
24946
24947
24952
24954
24955
24956
24960
24961
24962
24973
24989
24990
24991
24996
25011
25012
25013
25014
25015
25017
25025
25026
25028
25033
25044
25049
25051
25052
25055
25066
25067
25068
25069
25070
25072
25073
25076
25167
25168
25171
25174
25183
25184
25185
25186
25188
25191
25241
25242
25243
25244
25245
25246
25247
25250
25253
25279
25280
25282
25321
25322
25323
25324
25325
25326
25329
25330
25339
25350
25351
25353
25354
25356
25371
25372
25373
25374
25375
25377
25378
25380
25406
25407
25408
25409
25411
25413
25422
25423
25427
25429
25430
25431
25432
25434
25436
25482
25483
25484
25485
25486
25488
25508
25509
25511
25515
25522
25524
25526
25527
25528
25570
25572
25573
25576
25578
25621
25622
25623
25624
25625
25627
25631
25637
25642
25644
25645
25647
25648
25651
25685
25686
25687
25689
25695
25714
25721
25823
25824
25825
25826
25829
25832
25844
25846
25847
25850
25852
25871
25874
25876
25917
25918
25920
25922
25926
25941
25942
25945
25946
25948
25960
25961
25962
25966
25967
25976
25977
25978
25979
25982
25984
26002
26003
26004
26006
26009
26012
26013
26016
26018
26062
26063
26067
26069
26082
26083
26086
26089
26136
26139
26142
26157
26158
26159
26162
26163
26166
26173
26174
26214
26215
26216
26220
26224
26251
26252
26253
26254
26255
26259
26262
26295
26296
26297
26298
26300
26303
26313
26314
26315
26317
26326
26463
26464
26472
26483
26484
26485
26487
26494
26495
26496
26497
26499
26503
26524
26525
26526
26527
26530
26531
26532
26537
26568
26569
26570
26573
26574
26585
26586
26587
26591
26593
26698
26701
26706
26710
26712
26713
26714
26715
26717
26719
26739
26741
26766
26767
26768
26773
26779
26799
26800
26801
26802
26806
26807
26810
26833
26834
26835
26836
26837
26839
26840
26846
26852
26853
26854
26856
26860
26914
26915
26916
26917
26919
26921
26931
26932
26935
26937
26942
26943
26944
26945
26946
26950
26951
26952
26956
26959
26960
26962
26965
26971
26972
26973
26974
26975
26976
26980
27018
27019
27020
27022
27023
27042
27043
27044
27046
27050
27051
27056
27057
27078
27079
27082
27087
27095
27096
27097
27099
27102
27151
27152
27153
27154
27155
27157
27159
27172
27173
27177
27184
27186
27187
27188
27190
27192
27206
27207
27208
27209
27213
27214
27215
27216
27217
27221
27263
27264
27265
27268
27273
27274
27275
27279
27280
27281
27282
27284
27285
27313
27314
27315
27316
27319
27321
27322
27355
27357
27359
27375
27376
27377
27379
27382
27406
27407
27408
27412
27417
27434
27436
27439
27441
27445
27446
27448
27450
27451
27452
27456
27486
27487
27492
27534
27535
27542
27553
27556
27557
27559
27569
27570
27571
27572
27573
27575
27579
27591
27592
27593
27595
27596
27604
27633
27634
27635
27637
27659
27661
27662
27665
27666
27744
27745
27746
27748
27754
27765
27766
27767
27768
27770
27775
27789
27790
27793
27796
27801
27823
27824
27826
27827
27829
27840
27841
27850
27874
27875
27876
27879
27880
27883
27920
27921
27922
27923
27925
27926
27929
27934
27940
27942
27943
27945
27994
27995
27999
28003
28033
28034
28035
28036
28038
28041
28044
28056
28057
28058
28067
28069
28082
28085
28087
28091
28096
28107
28108
28109
28110
28111
28112
28115
28116
28125
28138
28139
28140
28143
28144
28145
28150
28159
28160
28161
28162
28164
28169
28201
28202
28203
28204
28205
28210
28211
28214
28260
28261
28263
28267
28288
28291
28292
28296
28308
28309
28310
28311
28312
28314
28315
28319
28376
28377
28378
28379
28381
28385
28389
28394
28395
28397
28413
28414
28415
28417
28420
28423
28424
28425
28426
28429
28430
28436
28440
28441
28445
28446
28454
28463
28464
28465
28466
28469
28473
28582
28583
28584
28585
28586
28588
28590
28648
28649
28650
28651
28652
28655
28658
28675
28680
28681
28683
28736
28737
28739
28743
28749
28775
28776
28780
28783
28789
28791
28794
28813
28814
28815
28817
28818
28820
28821
28824
28827
28876
28877
28878
28881
28886
29007
29008
29010
29011
29065
29066
29068
29069
29071
29074
29088
29089
29090
29092
29096
29136
29137
29138
29139
29143
29144
29145
29147
29278
29279
29281
29284
29327
29328
29329
29330
29333
29383
29384
29385
29386
29388
29391
29400
29402
29404
29407
29462
29463
29468
29562
29563
29564
29565
29566
29614
29615
29616
29619
29621
29632
29633
29634
29636
29637
29638
29641
29646
29647
29648
29649
29655
29656
29657
29661
29718
29719
29720
29721
29723
29726
29791
29792
29794
29798
29842
29843
29844
29847
29849
29866
29867
29868
29870
29873
29897
29898
29900
29901
29903
29919
29920
29921
29924
29962
29963
29965
29967
29979
29980
29982
29986
30052
30053
30054
30055
30057
30060
30152
30153
30154
30155
30156
30160
30162
30166
30168
30169
30170
30171
30172
30173
30175
30217
30219
30223
30230
30231
30232
30233
30234
30235
30239
30242
30257
30258
30260
30262
30264
30265
30268
30271
30278
30281
30283
30285
30289
30297
30298
30301
30304
30316
30318
30319
30327
30384
30385
30386
30388
30392
30451
30452
30453
30454
30455
30460
30468
30469
30470
30471
30472
30474
30510
30511
30514
30516
30522
30523
30526
30528
30559
30560
30561
30562
30563
30565
30566
30584
30585
30587
30595
30596
30603
30675
30676
30677
30679
30682
30707
30709
30710
30713
30719
30745
30746
30748
30755
30831
30832
30833
30834
30835
30840
30849
30873
30875
30876
30878
30879
30919
30920
30921
30923
30926
30933
30934
30935
30936
30937
30941
30946
30974
30975
30978
30979
30983
30984
30985
30988
31049
31050
31051
31052
31054
31057
31077
31078
31079
31080
31082
31093
31094
31095
31096
31100
31102
31104
31149
31151
31152
31155
31157
31158
31165
31177
31181
31182
31183
31186
31218
31220
31221
31223
31232
31233
31236
31237
31239
31252
31253
31260
31261
31264
31300
31301
31303
31306
31315
31316
31320
31324
31346
31347
31348
31350
31353
31442
31445
31457
31458
31460
31463
31485
31486
31487
31491
31496
31554
31555
31556
31557
31559
31561
31564
31565
31566
31569
31572
31583
31585
31587
31592
31594
31596
31600
31612
31613
31614
31621
31649
31650
31651
31652
31655
31660
31687
31688
31689
31691
31693
31730
31731
31732
31733
31735
31740
31749
31750
31751
31752
31753
31755
31756
31767
31773
31774
31775
31776
31778
31785
31833
31834
31836
31838
31842
31843
31844
31848
31856
31882
31886
31897
31898
31899
31900
31901
31903
31909
31976
31978
31979
31981
31984
32046
32047
32049
32050
32052
32094
32097
32113
32115
32117
32118
32120
32154
32155
32156
32157
32158
32160
32163
32167
32191
32192
32193
32195
32197
32203
32204
32205
32206
32207
32209
32214
32246
32248
32249
32250
32253
32254
32255
32257
32260
32261
32263
32276
32277
32278
32280
32282
32283
32284
32285
32293
32300
32302
32303
32304
32306
32311
32312
32320
32321
32322
32323
32324
32325
32326
32333
32337
32338
32377
32379
32380
32381
32382
32383
32386
32388
32389
32398
32421
32422
32424
32427
32447
32448
32449
32450
32452
32458
32474
32475
32476
32478
32481
32510
32511
32512
32514
32518
32520
32521
32522
32523
32530
32535
32537
32538
32539
32541
32547
32554
32555
32557
32559
32562
32563
32569
32570
32571
32575
32579
32604
32605
32606
32607
32608
32612
32616
32654
32655
32657
32658
32659
32661
32662
32667
32669
32677
32693
32694
32695
32696
32697
32699
32701
32722
32725
32728
32729
32735
32754
32755
32757
32759
32812
32813
32814
32820
32824
32825
32827
32828
32830
32859
32860
32863
32864
32867
32877
32878
32881
32884
32887
32888
32889
32891
32894
32911
32915
32916
32918
32945
32946
32947
32948
32949
32950
32953
32954
32955
32959
32963
32964
32965
32966
32968
32972
33000
33001
33002
33003
33005
33042
33043
33044
33047
33051
33052
33053
33055
33058
33063
33066
33069
33114
33115
33116
33120
33121
33128
33166
33167
33170
33172
33205
33206
33214
33217
33218
33229
33231
33238
33240
33241
33243
33246
33266
33267
33268
33269
33270
33273
33274
33285
33286
33311
33312
33313
33314
33316
33319
33335
33337
33339
33341
33346
33374
33375
33376
33377
33379
33380
33391
33392
33393
33395
33398
33403
33404
33407
33410
33423
33424
33426
33429
33454
33455
33456
33457
33460
33465
33466
33472
33473
33474
33475
33477
33479
33480
33486
33518
33519
33521
33538
33539
33542
33545
33609
33612
33616
33639
33640
33641
33642
33643
33646
33648
33651
33652
33653
33658
33696
33697
33698
33701
33704
33766
33767
33768
33770
33771
33804
33805
33806
33808
33812
33851
33857
33881
33882
33884
33980
33981
33983
33986
34002
34004
34005
34006
34007
34008
34012
34017
34018
34087
34088
34089
34091
34095
34110
34111
34112
34114
34117
34121
34123
34124
34127
34128
34129
34137
34204
34205
34206
34207
34208
34211
34265
34266
34268
34269
34271
34276
34353
34354
34355
34357
34359
34369
34370
34371
34375
34382
34386
34387
34388
34390
34395
34397
34398
34400
34402
34510
34511
34512
34514
34516
34543
34544
34545
34547
34550
34575
34577
34578
34579
34580
34581
34583
34584
34586
34687
34688
34690
34692
34699
34701
34702
34703
34705
34732
34733
34734
34736
34737
34738
34742
34746
34823
34824
34825
34826
34827
34830
34831
34832
34839
34861
34862
34864
34867
34868
34872
34873
34956
34957
34958
34959
34961
34965
35114
35115
35116
35119
35120
35121
35126
35155
35156
35158
35159
35160
35163
35189
35190
35191
35198
35209
35210
35211
35212
35214
35216
35218
35219
35220
35222
35226
35289
35291
35292
35293
35295
35298
35299
35305
35306
35307
35338
35339
35340
35341
35344
35346
35360
35361
35362
35363
35364
35366
35369
35377
35378
35380
35381
35383
35452
35453
35454
35455
35456
35458
35467
35509
35511
35512
35513
35516
35517
35518
35523
35525
35526
35527
35528
35530
35534
35544
35545
35546
35548
35555
35556
35557
35558
35560
35567
35568
35570
35572
35574
35575
35576
35578
35581
35604
35605
35606
35607
35609
35611
35676
35761
35762
35763
35765
35770
35798
35799
35804
35807
35881
35884
35885
35890
35893
35897
35899
35901
35923
35924
35925
35928
35931
35932
35933
35935
35937
35945
35946
35947
35948
35950
35956
35965
35966
35968
35969
35972
35974
35986
35988
35990
35992
36037
36038
36040
36046
36047
36048
36050
36056
36118
36119
36121
36124
36139
36140
36142
36146
36231
36232
36235
36241
36242
36243
36244
36245
36248
36249
36251
36260
36261
36262
36263
36264
36266
36269
36335
36336
36337
36342
36343
36350
36351
36399
36400
36402
36404
36414
36416
36419
36422
36452
36453
36454
36460
36462
36489
36490
36492
36603
36604
36605
36606
36607
36611
36630
36631
36632
36633
36635
36648
36651
36652
36654
36660
36678
36679
36680
36681
36683
36687
36713
36714
36715
36717
36720
36733
36734
36735
36736
36738
36741
36744
36745
36747
36750
36779
36780
36781
36782
36783
36791
36801
36802
36804
36808
36827
36828
36829
36830
36834
36836
36840
36857
36858
36859
36860
36863
36866
36901
36903
36906
36910
36913
36914
36915
36916
36918
36922
36929
36930
36931
36932
36933
36936
36937
36946
36969
36970
36971
36973
36975
36992
36993
36994
36995
36996
36998
37001
37003
37004
37006
37008
37017
37018
37019
37022
37026
37040
37042
37043
37046
37053
37062
37063
37065
37068
37085
37086
37087
37089
37093
37094
37097
37098
37102
37125
37126
37127
37129
37152
37194
37195
37196
37198
37202
37267
37268
37269
37270
37273
37278
37305
37306
37308
37310
37314
37315
37316
37318
37324
37333
37334
37335
37341
37344
37345
37346
37347
37350
37363
37364
37365
37367
37369
37370
37373
37397
37398
37399
37400
37403
37418
37419
37421
37425
37427
37430
37432
37469
37470
37471
37473
37477
37483
37484
37485
37488
37489
37490
37580
37581
37582
37585
37590
37611
37612
37613
37614
37616
37617
37647
37648
37650
37652
37683
37684
37685
37687
37690
37784
37785
37786
37787
37788
37789
37790
37794
37796
37828
37829
37831
37833
37837
37838
37839
37841
37845
37850
37851
37852
37853
37854
37855
37859
37864
37881
37882
37883
37884
37886
37894
37910
37911
37914
37915
37917
37932
37933
37940
37956
37957
37958
37959
37961
37962
37967
37984
37985
37986
37987
37989
37993
38011
38012
38013
38014
38015
38019
38021
38043
38044
38045
38047
38048
38062
38063
38064
38065
38067
38071
38084
38085
38086
38087
38089
38092
38122
38123
38124
38125
38126
38127
38130
38133
38178
38179
38181
38186
38211
38212
38214
38216
38231
38232
38233
38238
38243
38265
38267
38269
38282
38283
38284
38285
38287
38293
38299
38300
38301
38305
38315
38316
38317
38318
38320
38324
38336
38337
38338
38341
38345
38373
38374
38376
38378
38396
38398
38399
38401
38524
38525
38527
38529
38530
38532
38533
38534
38544
38586
38587
38588
38590
38594
38621
38622
38623
38624
38626
38632
38643
38644
38646
38648
38681
38682
38683
38684
38685
38687
38691
38701
38702
38704
38706
38728
38729
38730
38731
38733
38737
38830
38841
38842
38844
38849
38857
38858
38859
38860
38861
38863
38868
38871
38872
38873
38875
38878
38944
38945
38946
38949
38973
38974
38975
38977
38980
38990
38991
38994
38995
38997
38999
39000
39006
39032
39033
39034
39036
39040
39067
39070
39071
39072
39073
39076
39077
39080
39082
39088
39089
39090
39091
39093
39099
39115
39116
39118
39120
39198
39199
39201
39203
39253
39254
39255
39256
39257
39258
39285
39286
39287
39289
39291
39334
39335
39337
39348
39349
39350
39352
39360
39361
39362
39364
39368
39369
39370
39375
39378
39379
39382
39385
39387
39388
39389
39390
39392
39425
39426
39427
39428
39430
39432
39442
39443
39444
39447
39452
39453
39456
39457
39458
39459
39460
39462
39463
39468
39504
39505
39507
39510
39511
39514
39553
39555
39557
39583
39584
39585
39586
39589
39592
39596
39624
39625
39626
39627
39632
39635
39647
39649
39652
39679
39680
39682
39686
39742
39743
39744
39747
39748
39750
39839
39840
39841
39845
39847
39848
39849
39850
39851
39853
39854
39857
39874
39875
39877
39878
39879
39881
39951
39952
39953
39955
39956
39957
39962
39984
39985
39986
39990
39995
39996
40011
40012
40013
40014
40021
40050
40051
40052
40054
40056
40097
40102
40104
40115
40116
40117
40118
40119
40121
40129
40130
40169
40171
40172
40177
40178
40179
40183
40184
40229
40230
40231
40234
40235
40239
40240
40242
40313
40314
40315
40317
40321
40342
40343
40345
40347
40397
40398
40399
40403
40409
40464
40465
40467
40468
40469
40470
40474
40476
40477
40528
40529
40531
40532
40533
40559
40560
40561
40565
40566
40569
40577
40578
40579
40581
40635
40636
40637
40638
40639
40640
40642
40650
40651
40652
40654
40657
40659
40660
40661
40664
40722
40723
40726
40728
40759
40760
40761
40764
40770
40802
40803
40806
40807
40810
40828
40829
40830
40831
40833
40834
40835
40836
40837
40840
40841
40847
40985
40986
40987
40988
40991
40992
40996
41025
41026
41027
41028
41029
41030
41032
41037
41055
41056
41058
41060
41063
41064
41065
41066
41068
41070
41078
41079
41080
41082
41084
41094
41095
41097
41099
41164
41165
41166
41262
41263
41265
41267
41311
41312
41315
41316
41317
41321
41322
41325
41350
41352
41356
41357
41364
41365
41446
41447
41448
41449
41450
41452
41453
41454
41457
41480
41481
41482
41483
41485
41487
41506
41507
41508
41509
41511
41516
41553
41554
41555
41559
41563
41580
41582
41584
41585
41592
41595
41596
41598
41601
41608
41644
41645
41646
41647
41648
41649
41650
41653
41654
41657
41659
41662
41663
41664
41666
41669
41670
41693
41694
41696
41698
41705
41708
41774
41775
41777
41780
41811
41812
41814
41816
41822
41823
41824
41826
41833
41896
41897
41899
41900
41902
41905
41907
41922
41923
41924
41927
41931
41938
41939
41940
41941
41942
41943
41945
41976
41977
41979
41982
41998
42001
42002
42004
42005
42008
42039
42040
42041
42044
42045
42076
42080
42086
42088
42137
42138
42142
42148
42214
42215
42217
42220
42225
42226
42227
42231
42232
42239
42243
42245
42246
42247
42248
42251
42252
42253
42256
42308
42309
42314
42318
42379
42381
42400
42401
42403
42407
42410
42423
42424
42425
42428
42434
42470
42471
42472
42475
42478
42501
42502
42503
42504
42505
42507
42511
42513
42516
42540
42541
42542
42544
42545
42547
42552
42553
42554
42555
42557
42560
42565
42566
42567
42569
42571
42585
42588
42589
42597
42605
42607
42608
42609
42651
42652
42653
42654
42656
42660
42664
42665
42667
42670
42671
42672
42673
42675
42677
42701
42702
42703
42704
42706
42709
42746
42747
42749
42750
42753
42754
42758
42761
42762
42764
42767
42829
42830
42831
42832
42833
42836
42843
42939
42940
42942
42945
42947
42956
42958
42959
42960
42961
42962
42966
42967
42969
42977
42987
42988
42989
42994
43056
43057
43058
43061
43062
43067
43078
43079
43081
43083
43090
43113
43114
43117
43124
43147
43149
43151
43166
43167
43168
43169
43170
43171
43173
43174
43179
43180
43217
43218
43219
43220
43222
43226
43254
43255
43257
43258
43261
43339
43340
43341
43342
43345
43349
43367
43368
43369
43371
43373
43380
43381
43382
43384
43385
43388
43443
43444
43445
43446
43447
43452
43461
43462
43507
43508
43510
43511
43513
43522
43523
43524
43525
43528
43529
43535
43536
43537
43538
43539
43540
43553
43554
43555
43557
43561
43571
43572
43573
43575
43580
43594
43595
43596
43598
43599
43671
43672
43674
43677
43679
43680
43681
43682
43684
43689
43697
43698
43700
43703
43726
43727
43729
43730
43733
43800
43801
43802
43807
43809
43810
43812
43814
43829
43830
43833
43834
43835
43836
43839
43873
43885
43901
43902
43903
43904
43907
43908
43909
43910
43929
43930
43931
43932
43933
43935
43938
43945
43946
43948
43949
43950
43986
43987
43988
43989
43994
43996
43999
44000
44001
44007
44011
44019
44020
44023
44024
44045
44046
44047
44050
44051
44058
44081
44082
44083
44085
44086
44087
44088
44091
44097
44098
44100
44101
44103
44126
44127
44128
44130
44132
44136
44141
44143
44146
44147
44148
44149
44151
44153
44167
44168
44172
44175
44176
44177
44178
44179
44180
44182
44184
44185
44186
44188
44200
44201
44202
44203
44206
44208
44221
44224
44227
44233
44234
44235
44237
44242
44273
44274
44275
44276
44278
44281
44299
44301
44303
44320
44321
44322
44323
44324
44325
44327
44329
44333
44334
44335
44344
44347
44349
44350
44351
44367
44368
44369
44370
44371
44373
44374
44378
44396
44397
44398
44400
44402
44424
44426
44429
44441
44442
44443
44445
44448
44470
44471
44473
44474
44478
44485
44486
44487
44488
44490
44492
44493
44495
44496
44500
44524
44526
44529
44532
44534
44537
44538
44539
44541
44544
44549
44550
44551
44552
44555
44558
44559
44560
44561
44563
44566
44567
44568
44570
44572
44584
44586
44587
44588
44602
44604
44606
44607
44611
44624
44625
44626
44628
44629
44631
44633
44680
44681
44682
44683
44684
44686
44687
44691
44715
44716
44719
44721
44733
44734
44735
44737
44738
44739
44741
44776
44777
44778
44779
44780
44782
44783
44790
44791
44793
44794
44796
44811
44812
44814
44817
44829
44830
44831
44833
44837
44843
44844
44847
44849
44860
44862
44863
44865
44868
44869
44897
44898
44900
44903
44906
44907
44910
44949
44950
44951
44953
44956
44958
44962
44970
44971
44973
44975
45051
45052
45054
45057
45060
45061
45062
45064
45067
45090
45091
45092
45094
45096
45098
45099
45100
45101
45104
45110
45111
45113
45114
45117
45164
45166
45168
45171
45172
45173
45175
45177
45180
45193
45194
45196
45198
45199
45218
45219
45220
45221
45223
45224
45261
45262
45263
45264
45265
45267
45273
45324
45325
45327
45330
45363
45364
45365
45367
45369
45410
45411
45413
45416
45419
45420
45423
45425
45433
45434
45435
45436
45438
45443
45448
45449
45450
45451
45453
45455
45468
45469
45471
45473
45479
45480
45481
45483
45487
45511
45512
45513
45515
45519
45525
45526
45529
45530
45532
45571
45572
45574
45575
45577
45597
45599
45601
45637
45638
45639
45640
45652
45655
45656
45658
45663
45664
45665
45669
45673
45685
45686
45687
45689
45692
45714
45715
45719
45723
45742
45743
45746
45747
45749
45757
45758
45759
45760
45762
45767
45780
45781
45782
45783
45785
45786
45789
45819
45820
45821
45822
45824
45826
45836
45837
45838
45839
45840
45842
45843
45851
45853
45854
45855
45857
45861
45864
45865
45866
45867
45870
45873
45907
45908
45909
45910
45912
45916
45928
45929
45932
45936
45967
45968
45969
45971
45975
45993
45994
45995
45996
45998
46001
46054
46055
46058
46060
46165
46166
46170
46173
46174
46175
46176
46178
46179
46182
46266
46267
46268
46269
46272
46276
46288
46289
46291
46292
46293
46296
46299
46300
46305
46314
46315
46317
46319
46327
46330
46333
46336
46368
46369
46372
46373
46374
46375
46428
46429
46430
46431
46433
46436
46491
46492
46493
46495
46497
46500
46501
46502
46503
46506
46574
46575
46578
46580
46588
46589
46590
46592
46596
46606
46607
46609
46611
46658
46659
46660
46661
46663
46665
46731
46732
46733
46734
46737
46742
46752
46753
46754
46759
46762
46775
46776
46779
46780
46783
46791
46792
46793
46795
46797
46863
46864
46865
46867
46870
46927
46928
46930
46957
46958
46960
46961
46962
46963
46965
47000
47001
47002
47003
47005
47028
47029
47030
47032
47034
47038
47039
47040
47042
47059
47060
47063
47066
47075
47076
47077
47081
47083
47093
47094
47095
47096
47097
47104
47105
47106
47107
47109
47112
47136
47137
47139
47140
47142
47175
47176
47177
47178
47183
47187
47221
47222
47224
47225
47237
47238
47239
47240
47242
47244
47271
47272
47273
47277
47279
47300
47301
47302
47305
47307
47332
47333
47335
47337
47342
47343
47345
47347
47357
47358
47362
47380
47381
47382
47383
47384
47385
47387
47440
47441
47442
47444
47447
47450
47451
47453
47457
47460
47461
47462
47463
47466
47469
47479
47480
47482
47484
47490
47492
47493
47494
47496
47501
47554
47555
47557
47561
47569
47572
47604
47605
47606
47611
47612
47615
47640
47641
47642
47643
47644
47645
47646
47648
47652
47656
47657
47658
47659
47661
47666
47668
47669
47671
47672
47675
47676
47722
47724
47727
47731
47732
47733
47734
47736
47738
47786
47787
47788
47789
47790
47794
47803
47804
47806
47809
47840
47841
47846
47847
47851
47858
47859
47862
47864
47901
47902
47903
47904
47905
47906
47913
47983
47985
47987
48020
48021
48022
48023
48029
48032
48042
48043
48044
48050
48051
48054
48055
48073
48074
48077
48105
48106
48107
48108
48109
48114
48115
48124
48126
48159
48160
48163
48166
48175
48209
48210
48212
48216
48218
48219
48224
48252
48253
48255
48258
48273
48274
48277
48279
48298
48299
48301
48303
48306
48307
48308
48311
48313
48325
48327
48328
48329
48330
48331
48334
48336
48340
48341
48344
48346
48371
48373
48374
48376
48378
48404
48405
48406
48408
48411
48489
48490
48494
48499
48509
48510
48511
48512
48513
48514
48516
48517
48521
48522
48523
48525
48526
48538
48539
48540
48542
48545
48557
48558
48560
48563
48566
48567
48569
48570
48573
48606
48607
48608
48610
48611
48614
48684
48685
48686
48688
48691
48704
48705
48706
48710
48711
48719
48731
48732
48734
48737
48740
48741
48743
48747
48752
48797
48798
48800
48801
48809
48810
48827
48890
48891
48893
48894
48897
48899
48901
48902
48903
48904
48907
48908
48913
48971
48972
48973
48974
48976
48978
48983
48995
48996
48997
49002
49006
49077
49078
49079
49081
49084
49089
49090
49092
49093
49094
49129
49130
49131
49132
49134
49140
49149
49150
49152
49156
49173
49174
49175
49176
49178
49181
49182
49183
49188
49245
49246
49247
49248
49250
49251
49252
49255
49318
49319
49320
49324
49328
49329
49330
49334
49335
49338
49342
49343
49345
49349
49358
49359
49362
49365
49371
49372
49374
49378
49379
49380
49383
49384
49410
49411
49421
49430
49432
49433
49436
49459
49460
49465
49477
49478
49479
49480
49482
49483
49487
49538
49539
49540
49542
49547
49595
49596
49597
49598
49599
49600
49602
49606
49631
49632
49633
49634
49635
49637
49640
49644
49645
49646
49648
49651
49653
49654
49655
49656
49658
49659
49663
49672
49673
49675
49691
49692
49693
49694
49695
49697
49699
49700
49702
49706
49727
49728
49729
49730
49732
49737
49779
49783
49786
49804
49805
49806
49807
49809
49814
49885
49886
49887
49888
49889
49890
49898
49899
49900
49902
49931
49933
49934
49936
49941
50006
50007
50014
50020
50023
50037
50038
50039
50040
50041
50044
50045
50046
50052
50053
50054
50055
50058
50059
50061
50066
50120
50122
50125
50128
50139
50140
50143
50144
50146
50198
50199
50201
50244
50245
50246
50249
50252
50266
50267
50268
50269
50271
50274
50317
50318
50319
50321
50324
50330
50331
50332
50336
50341
50363
50364
50365
50367
50370
50372
50398
50399
50402
50405
50408
50409
50410
50411
50414
50415
50420
50432
50433
50436
50437
50439
50443
50453
50454
50456
50459
50460
50466
50467
50469
50471
50472
50503
50505
50506
50508
50512
50529
50532
50534
50537
50547
50548
50549
50550
50551
50553
50555
50582
50584
50587
50617
50618
50620
50623
50704
50705
50707
50721
50723
50727
50813
50814
50815
50817
50819
50826
50827
50828
50830
50832
50835
50836
50837
50838
50841
50845
50849
50850
50851
50855
50856
50862
50895
50896
50902
50904
50934
50935
50936
50938
50942
50948
50949
50951
50952
50954
50957
50958
50960
50964
51020
51021
51022
51023
51024
51025
51027
51029
51056
51057
51058
51059
51060
51061
51063
51064
51066
51067
51068
51081
51102
51103
51104
51105
51106
51107
51108
51114
51128
51129
51130
51131
51133
51140
51154
51155
51156
51160
51165
51177
51178
51180
51181
51185
51197
51198
51199
51220
51221
51223
51224
51225
51226
51227
51231
51232
51233
51235
51236
51276
51278
51281
51287
51288
51289
51290
51292
51295
51300
51303
51306
51313
51315
51317
51329
51330
51331
51335
51340
51345
51346
51347
51348
51353
51355
51356
51360
51396
51397
51398
51403
51404
51408
51426
51428
51430
51475
51476
51477
51478
51480
51501
51502
51503
51504
51507
51517
51544
51545
51548
51552
51614
51615
51616
51617
51621
51622
51628
51637
51658
51660
51662
51664
51667
51686
51687
51688
51690
51696
51703
51704
51705
51706
51708
51709
51710
51712
51713
51716
51717
51718
51719
51721
51726
51728
51729
51730
51731
51734
51738
51749
51750
51751
51755
51757
51773
51774
51775
51778
51781
51796
51798
51800
51801
51803
51804
51806
51807
51810
51814
51815
51817
51818
51824
51826
51827
51829
51831
51871
51872
51874
51876
51883
51884
51885
51886
51887
51889
51916
51917
51918
51919
51921
51927
51933
51934
51935
51937
51940
51954
51955
51957
51960
51979
51981
51982
51984
51986
52046
52047
52049
52051
52072
52073
52076
52082
52083
52086
52087
52089
52103
52104
52105
52107
52108
52110
52122
52128
52143
52144
52147
52158
52159
52160
52161
52163
52167
52169
52170
52171
52174
52175
52179
52181
52185
52188
52198
52199
52200
52201
52203
52208
52214
52215
52216
52217
52221
52228
52229
52230
52231
52232
52235
52238
52288
52289
52290
52291
52293
52296
52316
52317
52318
52320
52324
52344
52345
52348
52349
52354
52373
52378
52382
52430
52434
52435
52441
52442
52506
52507
52508
52509
52510
52512
52515
52551
52552
52554
52555
52556
52557
52560
52566
52575
52576
52578
52579
52580
52581
52584
52589
52603
52604
52606
52609
52615
52616
52617
52621
52623
52651
52656
52660
52662
52663
52665
52668
52686
52687
52688
52691
52694
52711
52712
52713
52714
52716
52720
52764
52765
52767
52770
52796
52797
52798
52799
52800
52802
52857
52858
52859
52860
52862
52863
52867
52871
52874
52877
52917
52918
52919
52920
52921
52926
52940
52941
52943
52947
52992
52993
52997
53000
53013
53014
53015
53016
53022
53024
53025
53026
53028
53030
53037
53038
53039
53041
53064
53065
53066
53067
53068
53070
53073
53119
53120
53123
53126
53153
53154
53155
53157
53160
53178
53179
53180
53182
53196
53198
53199
53200
53203
53207
53208
53209
53210
53212
53216
53218
53220
53223
53230
53231
53233
53235
53240
53241
53242
53243
53247
53252
53253
53255
53257
53261
53262
53264
53265
53267
53268
53269
53270
53271
53273
53274
53275
53279
53292
53293
53294
53295
53296
53300
53301
53304
53305
53340
53341
53343
53344
53345
53347
53365
53366
53367
53370
53371
53375
53401
53404
53405
53406
53409
53414
53415
53416
53417
53420
53423
53428
53429
53431
53434
53443
53444
53445
53447
53448
53449
53452
53457
53458
53459
53460
53463
53464
53482
53483
53484
53485
53486
53488
53493
53544
53545
53546
53547
53548
53552
53564
53565
53566
53570
53620
53621
53622
53623
53626
53642
53643
53644
53646
53648
53667
53668
53670
53671
53672
53675
53696
53697
53698
53699
53700
53701
53706
53707
53709
53710
53736
53737
53738
53741
53744
53771
53772
53773
53775
53778
53825
53826
53827
53829
53831
53850
53851
53854
53855
53872
53873
53874
53875
53876
53878
53879
53881
53901
53902
53903
53906
53907
53908
53910
53921
53922
53924
53926
54004
54007
54008
54014
54074
54076
54077
54080
54081
54082
54083
54087
54090
54092
54093
54095
54116
54117
54118
54119
54121
54124
54138
54139
54140
54143
54144
54146
54170
54172
54173
54176
54180
54189
54190
54191
54195
54205
54206
54207
54209
54213
54248
54249
54250
54251
54252
54254
54256
54257
54258
54260
54264
54296
54297
54298
54300
54302
54341
54343
54347
54348
54349
54363
54364
54366
54368
54370
54377
54378
54381
54385
54424
54425
54426
54427
54428
54431
54433
54437
54438
54439
54440
54443
54444
54447
54457
54458
54461
54464
54530
54531
54533
54536
54554
54555
54556
54557
54558
54561
54562
54563
54567
54588
54589
54591
54592
54593
54597
54600
54609
54610
54612
54613
54614
54616
54667
54672
54762
54763
54764
54766
54768
54780
54781
54787
54791
54805
54807
54810
54820
54821
54822
54823
54825
54828
54832
54833
54834
54837
54840
54841
54843
54845
54878
54879
54880
54882
54883
54886
54922
54923
54925
54928
54932
54955
54956
54957
54962
54965
54966
54995
54998
54999
55000
55003
55043
55044
55045
55048
55050
55055
55056
55070
55071
55072
55074
55077
55105
55106
55110
55111
55114
55117
55118
55119
55120
55122
55123
55126
55150
55151
55152
55154
55157
55176
55177
55178
55179
55181
55182
55184
55188
55189
55191
55195
55198
55199
55200
55202
55206
55276
55277
55278
55279
55283
55286
55288
55289
55290
55291
55292
55294
55295
55299
55300
55301
55302
55304
55308
55313
55314
55315
55316
55318
55321
55323
55324
55326
55328
55337
55338
55339
55340
55341
55343
55348
55361
55362
55363
55364
55365
55366
55368
55369
55375
55419
55421
55423
55425
55431
55533
55534
55535
55536
55539
55553
55554
55555
55557
55560
55627
55628
55631
55632
55636
55637
55638
55640
55644
55658
55659
55660
55661
55663
55664
55668
55670
55671
55672
55673
55675
55678
55731
55732
55733
55735
55738
55746
55747
55750
55751
55755
55769
55770
55771
55772
55773
55776
55777
55782
55803
55804
55805
55806
55808
55814
55841
55842
55849
55854
55855
55856
55857
55859
55860
55864
55866
55867
55868
55869
55871
55910
55911
55913
55917
55976
55977
55978
55979
55981
55984
55996
55999
56003
56029
56030
56031
56035
56038
56047
56048
56049
56051
56052
56054
56073
56076
56078
56081
56082
56083
56084
56085
56086
56089
56105
56106
56107
56108
56111
56114
56115
56117
56119
56158
56159
56160
56161
56163
56167
56175
56176
56178
56180
56193
56194
56195
56196
56198
56199
56202
56247
56248
56249
56251
56254
56271
56272
56273
56276
56281
56282
56284
56290
56295
56296
56297
56298
56300
56305
56306
56307
56308
56309
56312
56313
56314
56317
56341
56343
56344
56348
56354
56355
56356
56357
56359
56360
56367
56370
56371
56372
56373
56387
56388
56390
56394
56423
56424
56425
56426
56427
56429
56461
56462
56463
56464
56465
56471
56481
56482
56485
56488
56556
56557
56558
56563
56579
56692
56693
56694
56698
56699
56700
56701
56702
56704
56705
56762
56763
56764
56766
56767
56768
56769
56771
56772
56773
56775
56779
56780
56782
56783
56784
56787
56792
56793
56795
56798
56811
56813
56816
56819
56820
56821
56830
56837
56838
56839
56840
56841
56842
56843
56844
56846
56848
56852
56874
56875
56876
56878
56881
56970
56971
56972
56973
56975
56978
57039
57040
57041
57042
57044
57045
57051
57058
57059
57060
57061
57063
57064
57068
57076
57077
57078
57079
57080
57082
57087
57090
57091
57092
57093
57096
57099
57132
57133
57134
57136
57137
57138
57139
57141
57168
57169
57170
57172
57175
57205
57206
57208
57211
57236
57237
57238
57239
57241
57243
57251
57252
57253
57255
57257
57261
57262
57263
57265
57266
57271
57276
57277
57278
57282
57283
57284
57285
57286
57287
57291
57300
57301
57302
57303
57304
57306
57307
57313
57321
57322
57323
57324
57327
57329
57349
57351
57354
57368
57369
57371
57373
57374
57375
57378
57380
57385
57391
57392
57393
57395
57397
57410
57411
57412
57413
57415
57417
57436
57437
57438
57439
57441
57442
57447
57483
57484
57486
57487
57489
57492
57527
57528
57529
57530
57531
57534
57535
57541
57543
57545
57546
57548
57552
57567
57568
57570
57579
57580
57582
57584
57596
57597
57598
57600
57601
57603
57605
57606
57610
57612
57613
57617
57618
57619
57628
57629
57630
57631
57632
57633
57634
57635
57638
57639
57640
57641
57647
57655
57656
57657
57659
57667
57670
57671
57677
57706
57707
57709
57712
57725
57726
57728
57729
57730
57744
57745
57746
57748
57750
57751
57752
57754
57756
57758
57759
57762
57763
57764
57765
57768
57771
57772
57774
57777
57782
57783
57784
57785
57788
57789
57791
57794
57802
57803
57804
57806
57807
57819
57820
57822
57825
57826
57827
57828
57829
57832
57840
57842
57843
57849
57850
57874
57875
57876
57880
57883
57890
57892
57893
57896
57901
57922
57923
57925
57928
57933
57934
57935
57936
57937
57939
57940
57941
57942
57943
57947
57948
57949
57953
57973
57974
57975
57977
57982
58006
58008
58009
58013
58014
58016
58024
58025
58026
58027
58029
58031
58072
58077
58132
58133
58136
58137
58139
58182
58183
58185
58186
58188
58243
58244
58245
58247
58252
58253
58254
58256
58258
58274
58275
58276
58278
58281
58293
58294
58295
58296
58300
58303
58323
58325
58327
58360
58361
58362
58363
58365
58366
58370
58387
58388
58389
58392
58393
58397
58427
58428
58430
58434
58435
58439
58444
58445
58446
58447
58448
58450
58452
58497
58498
58499
58502
58503
58508
58575
58579
58580
58582
58589
58590
58591
58592
58593
58594
58600
58611
58612
58613
58614
58616
58620
58621
58623
58626
58649
58651
58652
58653
58654
58655
58657
58658
58661
58664
58665
58667
58669
58677
58678
58679
58681
58682
58683
58684
58687
58706
58707
58709
58710
58714
58721
58722
58723
58724
58725
58727
58730
58732
58733
58734
58736
58742
58745
58746
58748
58750
58769
58770
58772
58774
58784
58785
58786
58787
58788
58791
58795
58805
58806
58807
58808
58810
58814
58822
58824
58826
58829
58834
58835
58836
58838
58840
58895
58897
58899
58902
58908
58909
58910
58911
58913
58915
58935
58936
58937
58940
58944
58946
58947
58948
58949
58951
58953
58972
58977
58979
58980
58983
59001
59002
59003
59005
59032
59033
59034
59037
59039
59051
59052
59053
59055
59058
59071
59072
59073
59079
59080
59082
59103
59104
59105
59106
59107
59108
59110
59122
59123
59124
59127
59129
59133
59135
59139
59146
59147
59148
59149
59150
59151
59153
59155
59204
59205
59206
59207
59208
59209
59210
59211
59212
59214
59215
59216
59219
59228
59229
59233
59237
59246
59248
59249
59251
59252
59307
59308
59309
59310
59314
59316
59319
59320
59349
59350
59352
59353
59354
59367
59368
59369
59370
59371
59373
59378
59383
59384
59386
59389
59405
59406
59407
59409
59411
59495
59496
59497
59499
59500
59502
59503
59506
59546
59547
59548
59551
59555
59596
59597
59598
59602
59603
59609
59666
59669
59670
59672
59673
59723
59724
59725
59727
59729
59735
59736
59741
59744
59764
59765
59768
59774
59791
59792
59793
59795
59797
59829
59830
59831
59833
59834
59836
59839
59840
59842
59843
59846
59848
59849
59851
59854
59903
59904
59905
59906
59909
59910
59913
59952
59953
59954
59956
59959
59966
59991
59992
59996
60044
60045
60046
60048
60052
60057
60058
60059
60062
60064
60075
60155
60156
60159
60161
60164
60220
60221
60224
60225
60227
60304
60305
60308
60309
60312
60346
60347
60348
60349
60350
60352
60353
60354
60357
60358
60360
60362
60379
60380
60381
60383
60385
60457
60458
60459
60460
60462
60465
60520
60521
60522
60527
60531
60545
60546
60547
60548
60551
60556
60571
60572
60574
60575
60576
60579
60583
60702
60703
60704
60705
60708
60709
60722
60723
60724
60728
60730
60760
60761
60762
60763
60765
60768
60851
60852
60853
60854
60856
60860
60907
60909
60910
60912
60915
60948
60949
60950
60951
60952
60954
60956
60967
60968
60970
61056
61057
61058
61062
61070
61135
61136
61138
61140
61142
61143
61144
61146
61150
61188
61189
61191
61193
61221
61222
61224
61226
61233
61236
61237
61246
61247
61249
61251
61365
61368
61370
61371
61442
61443
61444
61449
61509
61510
61512
61515
61561
61563
61565
61588
61590
61592
61595
61697
61699
61700
61701
61702
61738
61739
61740
61742
61743
61745
61805
61806
61807
61808
61809
61810
61812
61819
61826
61827
61829
61831
61846
61848
61850
61851
61869
61870
61874
61879
61881
61882
61886
61889
61914
61915
61916
61917
61918
61920
61921
61924
61947
61948
61950
61952
61953
61966
61967
61968
61969
61971
61973
61978
61979
61980
61982
61983
61984
61986
61987
61990
61992
61993
61994
61995
61996
61997
62000
62003
62087
62088
62092
62097
62098
62100
62101
62102
62103
62106
62107
62113
62143
62145
62146
62148
62150
62158
62159
62160
62163
62164
62168
62169
62170
62175
62189
62190
62191
62192
62195
62196
62197
62199
62203
62229
62230
62231
62234
62236
62244
62245
62246
62247
62248
62250
62251
62259
62273
62274
62275
62276
62279
62284
62289
62290
62291
62294
62297
62302
62303
62305
62309
62349
62356
62357
62358
62365
62367
62372
62393
62394
62395
62396
62398
62423
62424
62427
62430
62439
62440
62443
62444
62445
62452
62453
62458
62488
62489
62490
62492
62493
62499
62500
62501
62502
62503
62505
62506
62510
62516
62517
62519
62521
62524
62570
62571
62572
62575
62577
62585
62586
62587
62588
62590
62591
62593
62614
62615
62618
62619
62622
62638
62639
62641
62642
62643
62645
62646
62650
62689
62690
62691
62692
62694
62697
62707
62708
62709
62710
62712
62713
62717
62730
62731
62732
62733
62734
62736
62738
62740
62741
62742
62743
62746
62747
62748
62752
62754
62756
62757
62761
62774
62775
62776
62778
62780
62782
62783
62785
62790
62791
62792
62793
62796
62797
62818
62819
62821
62824
62829
62833
62837
62906
62907
62908
62909
62910
62912
62915
62922
62923
62924
62925
62927
62930
62933
62934
62936
62937
62942
62952
62953
62955
62964
62965
62966
62967
62968
62970
62975
62979
62987
62988
63044
63046
63047
63050
63066
63067
63069
63070
63072
63077
63081
63082
63083
63084
63087
63091
63104
63105
63106
63108
63113
63119
63120
63122
63124
63126
63186
63188
63190
63200
63201
63202
63203
63204
63205
63207
63208
63214
63225
63226
63227
63228
63229
63230
63231
63232
63236
63237
63242
63274
63276
63278
63280
63281
63282
63283
63284
63285
63287
63288
63289
63292
63310
63311
63312
63314
63316
63326
63327
63328
63329
63332
63337
63360
63364
63374
63377
63378
63380
63381
63383
63402
63403
63404
63405
63407
63408
63410
63417
63418
63419
63422
63427
63448
63449
63450
63452
63455
63468
63469
63470
63471
63473
63478
63495
63496
63497
63499
63502
63504
63556
63560
63563
63587
63588
63589
63590
63592
63596
63598
63599
63600
63603
63604
63607
63608
63609
63610
63612
63615
63622
63623
63628
63629
63630
63640
63653
63654
63656
63657
63659
63664
63665
63666
63667
63668
63669
63672
63673
63679
63689
63690
63691
63693
63694
63695
63696
63697
63701
63722
63723
63724
63726
63729
63752
63753
63754
63755
63756
63760
63763
63780
63781
63783
63785
63788
63789
63790
63791
63792
63793
63795
63799
63806
63821
63822
63824
63827
63831
63832
63836
63837
63841
63850
63851
63853
63856
63873
63875
63876
63879
63885
63886
63887
63889
63891
63917
63918
63920
63922
63948
63949
63951
63953
63955
63958
63962
63964
63968
63970
63971
63974
63975
63978
64001
64003
64013
64042
64043
64044
64046
64048
64056
64057
64058
64059
64060
64061
64065
64068
64084
64085
64086
64087
64088
64090
64091
64097
64209
64210
64211
64212
64213
64218
64219
64224
64261
64262
64263
64264
64266
64271
64280
64281
64283
64284
64287
64288
64291
64292
64293
64300
64304
64305
64306
64307
64308
64309
64311
64315
64379
64380
64381
64382
64383
64385
64391
64411
64413
64414
64416
64419
64427
64428
64429
64430
64433
64434
64445
64446
64447
64448
64451
64544
64547
64551
65002
65003
65004
65006
65007
65009
65010
65011
65014
65015
65016
65017
65018
65020
65021
65022
65024
65025
65029
65030
65031
65032
65033
65034
65037
65038
65040
65043
65050
65051
65052
65053
65054
65056
65057
65058
65059
65061
65063
65064
65066
65067
65071
65072
65073
65074
65076
65079
65081
65082
65083
65084
65085
65086
65087
65088
65091
65092
65093
65094
65095
65096
65097
65098
65100
65101
65107
65108
65110
65111
65113
65114
65116
65117
65118
65119
65120
65122
65123
65124
65125
65127
65128
65129
65130
65131
65132
65133
65134
65135
65137
65138
65139
65140
65141
65142
65143
65144
65145
65147
65148
65149
65155
65156
65158
65159
65160
65161
65162
65163
65164
65165
65166
65167
65168
65169
65170
65171
65173
65175
65176
65179
65180
65181
65182
65183
65185
65186
65187
65189
65190
65192
65199
65200
65202
65204
65205
65206
65209
65212
65216
65221
65222
65224
65226
65229
65230
65231
65233
65234
65235
65240
65241
65242
65244
65245
65246
65247
65248
65249
65251
65252
65253
65256
65259
65260
65262
65263
65264
65265
65267
65268
65269
65275
65277
65278
65279
65280
65281
65282
65284
65285
65286
65289
65290
65292
65293
65294
65295
65297
65298
65299
65300
65301
65303
65304
65305
65306
65307
65308
65309
65312
65313
65314
65316
65319
65320
65321
65322
65323
65324
65325
65326
65327
65328
65329
65330
65331
65334
65337
65338
65340
65341
65342
65343
65344
65345
65347
65349
65351
65352
65354
65355
65356
65357
65359
65360
65362
65363
65364
65365
65366
65372
65373
65374
65375
65377
65379
65381
65382
65383
65386
65388
65389
65392
65393
65394
65395
65396
65397
65398
65400
65401
65402
65403
65405
65407
65408
65409
65410
65411
65412
65413
65414
65415
65416
65420
65421
65422
65425
65427
65428
65429
65431
65433
65434
65436
65437
65438
65439
65440
65442
65443
65444
65445
65449
65450
65451
65453
65454
65457
65458
65460
65461
65462
65464
65465
65466
65467
65468
65470
65471
65472
65473
65474
65476
65477
65478
65479
65480
65483
65484
65485
65488
65489
65491
65492
65494
65495
65499
65501
65503
65504
65505
65506
65507
65510
65518
65520
65522
65523
65524
65526
65531
65532
65533
65534
65535
65539
65540
65542
65544
65547
65548
65549
65551
65552
65553
65554
65556
65558
65575
65577
65588
65589
65590
65591
65594
65595
65596
65597
65599
65600
65601
65606
65607
65609
65614
65617
65618
65620
65621
65625
65626
65627
65628
65630
65633
65634
65635
65637
65638
65639
65640
65641
65644
65647
65649
65650
65652
65653
65654
65655
65656
65657
65659
65660
65662
65664
65665
65667
65668
65669
65671
65672
65674
65677
65678
65680
65682
65685
65689
65690
65691
65692
65694
65695
65696
65699
65711
65721
65726
65728
65729
65730
65731
65732
65734
65739
65744
65746
65747
65748
65750
65751
65752
65754
65755
65756
65757
65759
65760
65761
65762
65764
65768
65774
65775
65777
65778
65779
65780
65781
65782
65783
65784
65785
65786
65789
65792
65793
65796
65797
65798
65799
65800
65802
65803
65804
65806
65808
65814
65815
65816
65817
65820
65821
65822
65824
65829
65830
65832
65833
65834
65835
65838
65840
65841
65843
65845
65846
65847
65849
65850
65852
65853
65854
65859
65860
65863
65864
65865
65866
65867
65868
65870
65873
65874
65875
65881
65883
65884
65885
65887
65888
65889
65890
65891
65892
65893
65894
65895
65898
65899
65905
65909
65912
65913
65918
65919
65923
65925
65926
65927
65929
65932
65933
65938
65939
65940
65942
65943
65945
65947
65950
65954
65956
65958
65959
65961
65962
65963
65964
65966
65969
65978
65979
65981
65983
65986
65987
65989
65990
65991
65992
65994
65996
65997
66000
66001
66002
66006
66007
66008
66009
66010
66011
66012
66013
66014
66015
66016
66017
66019
66020
66021
66022
66024
66025
66030
66031
66032
66033
66034
66035
66037
66038
66039
66040
66042
66043
66044
66045
66046
66047
66048
66049
66051
66052
66053
66054
66055
66056
66057
66058
66059
66060
66061
66065
66067
66068
66069
66072
66073
66075
66078
66079
66080
66081
66087
66088
66090
66091
66092
66097
66098
66099
66100
66104
66106
66107
66108
66109
66110
66111
66112
66114
66115
66116
66119
66121
66122
66123
66127
66128
66129
66131
66133
66136
66138
66140
66141
66142
66145
66146
66147
66148
66149
66151
66154
66155
66156
66159
66161
66162
66164
66165
66166
66171
66173
66177
66178
66183
66186
66189
66192
66193
66220
66221
66222
66224
66227
66228
66239
66240
66245
66246
66248
66249
66253
66255
66256
66258
66261
66263
66265
66267
66270
66271
66272
66273
66277
66279
66280
66281
66283
66284
66285
66287
66291
66296
66297
66298
66299
66300
66303
66304
66306
66307
66308
66309
66311
66312
66313
66316
66318
66319
66320
66321
66324
66326
66328
66330
66331
66332
66334
66335
66337
66338
66339
66340
66341
66343
66346
66351
66352
66354
66355
66356
66359
66360
66362
66363
66364
66365
66367
66368
66369
66370
66374
66375
66376
66377
66381
66383
66384
66385
66386
66387
66389
66390
66392
66393
66394
66395
66396
66397
66398
66399
66400
66402
66403
66405
66407
66410
66411
66415
66416
66417
66418
66419
66421
66422
66423
66424
66427
66428
66429
66432
66433
66434
66439
66440
66441
66442
66444
66447
66448
66449
66452
66453
66458
66459
66461
66466
66468
66469
66472
66473
66474
66475
66477
66478
66481
66482
66483
66484
66486
66487
66488
66489
66490
66494
66502
66504
66505
66507
66508
66510
66511
66512
66515
66518
66519
66520
66521
66522
66523
66526
66527
66528
66531
66532
66533
66534
66536
66537
66538
66541
66542
66543
66546
66551
66552
66553
66555
66557
66558
66560
66561
66562
66563
66564
66567
66568
66569
66570
66571
66572
66573
66574
66575
66577
66579
66580
66581
66583
66584
66585
66591
66592
66593
66595
66596
66597
66598
66599
66602
66603
66604
66605
66606
66607
66608
66609
66614
66615
66628
66629
66630
66634
66636
66637
66638
66639
66640
66642
66643
66644
66649
66650
66652
66653
66654
66655
66656
66657
66658
66659
66661
66663
66664
66665
66667
66669
66670
66672
66673
66676
66677
66678
66680
66681
66683
66684
66699
66704
66705
66707
66708
66709
66711
66712
66715
66718
66720
66722
66729
66731
66732
66733
66734
66735
66736
66739
66740
66742
66743
66744
66745
66746
66747
66748
66750
66752
66755
66756
66757
66758
66759
66760
66761
66762
66763
66764
66765
66766
66767
66769
66772
66773
66774
66775
66776
66778
66779
66781
66783
66784
66785
66788
66789
66790
66791
66795
66796
66797
66798
66799
66800
66801
66802
66803
66804
66805
66806
66807
66808
66810
66811
66812
66814
66815
66816
66818
66819
66820
66821
66822
66825
69205
69206
69207
69210
69211
69212
69213
69215
69216
69217
69218
69219
69221
69225
69226
69230
69231
69233
69236
69238
69239
69240
69241
69242
69243
69244
69245
69250
69251
69252
69255
69256
69257
69258
69259
69260
69261
69262
69264
69266
69269
69270
69271
69274
69275
69276
69280
69281
69282
69283
69284
69286
69289
69290
69291
69292
69294
69296
69298
69299
69300
69301
69302
69303
69304
69305
69306
69307
69309
69311
69314
69315
69316
69317
69318
69319
69323
69325
69326
69327
69330
69331
69333
69337
69338
69341
69342
69343
69344
69345
69347
69349
69352
69353
69354
69358
69359
69360
69362
69364
69365
69366
69368
69369
69370
69375
69376
69377
69380
69382
69384
69386
69387
69388
69389
69390
69395
69396
69397
69399
69401
69402
69403
69404
69405
69406
69407
69411
69412
69413
69416
69417
69418
69419
69420
69421
69422
69426
69429
69430
69431
69432
69433
69434
69437
69438
69439
69440
69441
69442
69445
69446
69450
69451
69454
69455
69459
69460
69461
69463
69465
69466
69467
69470
69472
69474
69475
69476
69477
69479
69481
69482
69483
69484
69485
69486
69487
69489
69491
69492
69493
69494
69495
69497
69499
69500
69501
69502
69503
69504
69505
69506
69507
69508
69510
69511
69512
69520
69521
69522
69523
69524
69527
69529
69530
69531
69532
69533
69534
69536
69538
69539
69541
69542
69544
69545
69546
69547
